bubble sort 1000 el:0.014205 0.0144975 0.0128241 0.013068 0.0124356 0.0124171 0.0134261 0.0126128 0.0125427 0.0123115 0.0126245 0.0129977 0.0125796 0.0124946 0.012606 0.0122694 0.0121975 0.0139855 0.0125166 0.0124278 
bubble sort 2000 el:0.0561442 0.050492 0.0506328 0.048985 0.0510736 0.0505257 0.0495788 0.0521624 0.0504532 0.0500864 0.0494571 0.0504616 0.0512631 0.0506498 0.0516278 0.0525201 0.0565831 0.0498254 0.0516872 0.0574882 
bubble sort 4000 el:0.200462 0.200706 0.202869 0.205788 0.209959 0.202069 0.196758 0.204736 0.199306 0.201007 0.198403 0.199693 0.2032 0.207124 0.210609 0.206217 0.197676 0.199572 0.198209 0.197192 
bubble sort 8000 el:0.794582 0.801603 0.789608 0.791705 0.80874 0.807859 0.797303 0.792054 0.801071 0.79807 0.798802 0.805649 0.80999 0.812749 0.798987 0.804782 0.800516 0.8101 0.799519 0.805889 
bubble sort 16000 el:3.2137 3.26194 3.2079 3.20587 3.20576 3.20193 3.1952 3.21955 3.21073 3.21861 3.21315 3.22975 3.19462 3.17374 3.17161 3.19592 3.20793 3.20047 3.27013 3.22181 
bubble sort 32000 el:12.9799 12.936 12.9536 12.8885 12.917 12.7825 12.7873 12.8478 12.8203 12.806 12.7661 12.788 12.8475 12.9097 12.8595 12.9185
selection sort 1000 el:0.0043506 0.0045026 0.0048204 0.0049791 0.0049397 0.0061669 0.0051075 0.0049677 0.005173 0.0050444 0.0067585 0.0056198 0.0046299 0.0053673 0.0048817 0.0046428 0.004686 0.0047308 0.0048364 0.0048576 
selection sort 2000 el:0.0170345 0.0175025 0.0173412 0.0186027 0.0168823 0.0171427 0.0169446 0.0169976 0.0170311 0.0169422 0.0178682 0.0169577 0.0186514 0.0171961 0.0169949 0.0171941 0.0215331 0.0178299 0.0179623 0.0170673 
selection sort 4000 el:0.0706178 0.0812962 0.0704523 0.0678106 0.0680835 0.0714701 0.0765537 0.0693409 0.0709307 0.067582 0.0684344 0.0690366 0.0687822 0.0673724 0.0675247 0.0671988 0.0675916 0.0689217 0.070832 0.0714993 
selection sort 8000 el:0.284078 0.275394 0.268341 0.270365 0.269791 0.270863 0.267956 0.269396 0.268943 0.268159 0.270421 0.271535 0.269739 0.271966 0.272191 0.270451 0.270524 0.26887 0.270644 0.269064 
selection sort 16000 el:1.0949 1.07441 1.07614 1.11052 1.11098 1.0934 1.09479 1.09127 1.10451 1.11068 1.10766 1.10135 1.08625 1.10615 1.09234 1.10897 1.09061 1.08919 1.10467 1.10735 
selection sort 32000 el:4.42305 4.44463 4.39196 4.3431 4.35681 4.40527 4.40632 4.47688 4.36757 4.34389 4.37998 4.42336 4.3784 4.33193 4.33419 4.33232 4.32255 4.31661 4.3659 4.35665 
selection sort 64000 el:17.3204 17.4241 17.4659 17.4798 17.5629 17.4598 17.4551 17.4411 17.624 17.5861 17.4337 17.4419 17.4233 17.4895 17.4342 17.3552 17.3316 17.3162 17.4012 17.3519 
selection sort 128000 el:69.5066 69.7222 70.0818 69.4862 69.6369 69.4146 69.2599 69.3825 79.8789 90.4548 73.8695 70.8278 70.2504 69.9991 74.2656 70.5432 70.8846 71.8281 70.5191 69.569 
