insert_time1 insert_time2 erase_time1 erase_time2 find_time1 find_time1 Max_depth1 Max_depth2 
1024 elements ------ ------ ----- ------ ------- ------- 
0.0005294 0.000554 0.0004008 0.0004008 0.0001528 0.0001782 23 26 
0.0005096 0.0005701 0.0004249 0.0004249 0.0001707 0.0001408 22 21 
0.0005938 0.0010706 0.0004578 0.0004578 0.00018 0.000235 22 22 
0.0004671 0.0004511 0.0004141 0.0004141 0.0001786 0.0001516 24 20 
0.0003924 0.0004373 0.0003239 0.0003239 0.0001868 0.0001931 24 21 
0.0005913 0.0003563 0.0002956 0.0002956 0.0001697 0.0001538 20 21 
0.0006221 0.0006562 0.0004284 0.0004284 0.0002491 0.0001763 25 20 
0.0005882 0.0005354 0.0004677 0.0004677 0.0002227 0.0001799 20 24 
0.0006293 0.0004468 0.0003243 0.0003243 0.0001446 0.0001331 23 21 
0.0005788 0.0005027 0.0004225 0.0004225 0.000141 0.0001253 20 20 
0.0004029 0.0003682 0.00028 0.00028 0.0001166 0.0001135 21 22 
0.0004825 0.0003945 0.0003865 0.0003865 0.0001402 0.0001435 25 22 
0.0004175 0.0004079 0.0002912 0.0002912 0.0001446 0.0001346 21 24 
0.0003482 0.0003865 0.0002897 0.0002897 0.0001919 0.0001527 19 21 
0.0004677 0.0004141 0.0002966 0.0002966 0.0001245 0.0001335 25 26 
0.0003529 0.0003943 0.0002787 0.0002787 0.0001246 0.0001259 24 22 
0.0005783 0.0005323 0.0004343 0.0004343 0.0001339 0.0001149 22 20 
0.0004145 0.0004029 0.0002841 0.0002841 0.0001287 0.0001212 24 21 
0.0003951 0.0003387 0.000377 0.000377 0.000179 0.0001746 25 23 
0.0004069 0.0003924 0.000287 0.000287 0.0001285 0.0001277 24 23 
0.0004087 0.0003335 0.0002745 0.0002745 0.0001223 0.0001441 20 22 
0.0004551 0.000413 0.0002939 0.0002939 0.00013 0.0001278 19 18 
0.0003932 0.0003333 0.0002583 0.0002583 0.0001262 0.0001304 18 22 
0.0006035 0.0005525 0.0003081 0.0003081 0.0001238 0.0001204 22 25 
0.0003679 0.0003979 0.0002877 0.0002877 0.0001264 0.0001487 26 22 
0.0003723 0.0005646 0.0002739 0.0002739 0.0001277 0.0001384 23 22 
0.0003467 0.0003927 0.0002909 0.0002909 0.0001255 0.0001574 21 23 
0.0003991 0.0004008 0.0002646 0.0002646 0.0001618 0.0001452 25 20 
0.0004888 0.0005761 0.0004682 0.0004682 0.0001324 0.000333 23 21 
0.0003931 0.0003306 0.0002786 0.0002786 0.0001281 0.0001577 26 20 
0.0004132 0.0004487 0.0003005 0.0003005 0.0001198 0.0001244 22 20 
0.0004152 0.0003619 0.0003822 0.0003822 0.0001806 0.0001142 20 20 
0.0004383 0.0004361 0.0003028 0.0003028 0.0001279 0.0001258 22 26 
0.0004295 0.0003363 0.0002749 0.0002749 0.0001317 0.0001312 22 21 
0.0003936 0.0005445 0.0002795 0.0002795 0.0001282 0.0001264 21 23 
0.0003559 0.0004093 0.00027 0.00027 0.0001108 0.0001059 22 22 
0.0003982 0.0003874 0.0002836 0.0002836 0.0001647 0.0001728 19 22 
0.0003556 0.000421 0.0004613 0.0004613 0.0001391 0.0001242 25 19 
0.00041 0.000429 0.0003024 0.0003024 0.0001217 0.0001281 21 21 
0.0003804 0.0007279 0.0002881 0.0002881 0.0001621 0.0001311 23 19 
0.000393 0.0003295 0.0002477 0.0002477 0.0001056 0.0001025 21 22 
0.0004319 0.0005547 0.0003908 0.0003908 0.0001394 0.0001271 30 21 
0.000404 0.0003482 0.0002857 0.0002857 0.0001308 0.000118 21 21 
0.000392 0.0003823 0.0002833 0.0002833 0.0001457 0.0001348 23 19 
0.0004275 0.0003422 0.0002809 0.0002809 0.0001305 0.0001214 19 21 
0.0004019 0.0003927 0.0003105 0.0003105 0.0001184 0.000117 23 20 
0.0004267 0.0003237 0.0002713 0.0002713 0.000115 0.0001043 22 22 
0.0005346 0.000569 0.00039 0.00039 0.0001544 0.0001316 24 24 
0.0005347 0.0004094 0.0003114 0.0003114 0.0001255 0.0001314 24 20 
0.0003918 0.0003919 0.0002882 0.0002882 0.0001239 0.000126 21 20 
2048 elements ------ ------ ----- ------ ------- ------- 
0.0005067 0.000612 0.0004866 0.0004866 0.0001392 0.0001279 25 29 
0.0003884 0.0003377 0.0003222 0.0003222 0.0001515 0.000131 26 23 
0.0006842 0.0004319 0.0004055 0.0004055 0.000135 0.0001414 25 26 
0.0003957 0.0003494 0.0003969 0.0003969 0.0001446 0.0001336 27 24 
0.0003697 0.0004372 0.0003982 0.0003982 0.0001366 0.0001348 24 27 
0.0003408 0.0003765 0.0003662 0.0003662 0.0001768 0.0001367 32 28 
0.0003314 0.0004024 0.0003429 0.0003429 0.0001214 0.0001173 29 27 
0.0003565 0.0004006 0.0004568 0.0004568 0.0001347 0.0001249 32 26 
0.0004449 0.0004316 0.0003658 0.0003658 0.0001359 0.0001405 23 24 
0.0004094 0.0005839 0.00038 0.00038 0.000139 0.0001354 26 30 
0.0003781 0.0004923 0.0003272 0.0003272 0.0001239 0.0001219 25 25 
0.0003891 0.000383 0.0003479 0.0003479 0.0001416 0.0001359 25 23 
0.0004 0.0004 0.0003301 0.0003301 0.0001391 0.0001342 22 23 
0.0003648 0.0003656 0.0003592 0.0003592 0.0001278 0.0001787 25 25 
0.0006076 0.0005137 0.0005279 0.0005279 0.0001916 0.0001449 23 22 
0.0004045 0.000342 0.0003695 0.0003695 0.0001867 0.0001785 23 24 
0.0003448 0.0003948 0.0003933 0.0003933 0.0001586 0.0001366 26 27 
0.000339 0.0003957 0.0003686 0.0003686 0.0001634 0.0001463 22 25 
0.0003376 0.0004366 0.0004031 0.0004031 0.0001276 0.0001666 28 23 
0.0003964 0.0006156 0.0005825 0.0005825 0.0001463 0.0001421 25 30 
0.0004692 0.0003872 0.0003497 0.0003497 0.0001134 0.0001151 24 23 
0.0004985 0.000512 0.0003665 0.0003665 0.0001734 0.0001728 26 26 
0.0003754 0.0003878 0.000344 0.000344 0.0001294 0.0001352 26 26 
0.0004259 0.0004333 0.0003725 0.0003725 0.0001441 0.0001494 24 23 
0.000415 0.0003992 0.0003439 0.0003439 0.0001385 0.0001441 22 23 
0.0004405 0.0003524 0.0004428 0.0004428 0.0001542 0.0001416 30 26 
0.0004167 0.0003398 0.0003845 0.0003845 0.0001325 0.0001404 25 24 
0.0004369 0.0003396 0.0004015 0.0004015 0.0001355 0.0001333 28 25 
0.0003428 0.0004089 0.0003569 0.0003569 0.0001269 0.0001299 22 25 
0.0004818 0.0005856 0.0003511 0.0003511 0.0001743 0.0001724 30 27 
0.0004905 0.0005436 0.0004918 0.0004918 0.0001829 0.000193 27 25 
0.0003778 0.0004068 0.0003603 0.0003603 0.0001403 0.0001314 30 27 
0.0003891 0.0005359 0.0004578 0.0004578 0.0001804 0.0001708 27 28 
0.0003954 0.0003928 0.0003352 0.0003352 0.0001329 0.0001357 23 26 
0.0005652 0.0005864 0.0003479 0.0003479 0.0001565 0.0001321 24 23 
0.0003897 0.0004086 0.0003296 0.0003296 0.0001336 0.0001416 25 25 
0.0005699 0.0004989 0.0004689 0.0004689 0.0001743 0.0001722 24 24 
0.0004046 0.0003378 0.0004162 0.0004162 0.0001359 0.0001662 25 27 
0.000411 0.0004859 0.000509 0.000509 0.0001767 0.0001647 27 29 
0.0004018 0.0003437 0.0006398 0.0006398 0.0002175 0.0001861 25 27 
0.0005161 0.0005278 0.0004724 0.0004724 0.0001698 0.0001693 24 24 
0.0004818 0.0005593 0.0005015 0.0005015 0.00017 0.0001602 26 23 
0.0003188 0.0003852 0.0003351 0.0003351 0.0001334 0.000134 21 23 
0.0003687 0.0004017 0.0003531 0.0003531 0.0001317 0.0001342 24 24 
0.0005595 0.0004011 0.0003519 0.0003519 0.0001849 0.0001697 25 27 
0.0003944 0.0003933 0.000347 0.000347 0.0001367 0.0001368 22 28 
0.0003922 0.0004384 0.0004598 0.0004598 0.0001535 0.0001667 23 29 
0.0005611 0.0005562 0.0004657 0.0004657 0.0001424 0.0001394 25 25 
0.000397 0.0003498 0.0003322 0.0003322 0.0001507 0.0001278 28 26 
0.0004862 0.0003514 0.0003911 0.0003911 0.0001389 0.000138 24 29 
4096 elements ------ ------ ----- ------ ------- ------- 
0.0005289 0.0005342 0.0005959 0.0005959 0.0001383 0.0001422 26 30 
0.0005181 0.0005324 0.0006073 0.0006073 0.0001792 0.0001665 26 26 
0.0003955 0.0005484 0.0006674 0.0006674 0.0001523 0.0001444 26 30 
0.0005492 0.0005529 0.0006493 0.0006493 0.0001377 0.0002241 29 29 
0.0003995 0.0004188 0.000464 0.000464 0.0001313 0.0001222 28 27 
0.0004019 0.0003522 0.0004489 0.0004489 0.0001865 0.000178 30 24 
0.0005275 0.000577 0.0005157 0.0005157 0.000123 0.0001297 26 29 
0.000338 0.0003848 0.0004634 0.0004634 0.0001795 0.0001836 32 31 
0.0003987 0.0004124 0.0004416 0.0004416 0.000128 0.0001303 27 28 
0.0003993 0.0005868 0.0005672 0.0005672 0.0001299 0.0001317 30 26 
0.0003907 0.0005243 0.0007197 0.0007197 0.0001355 0.0001677 29 29 
0.0004183 0.0003416 0.0004453 0.0004453 0.0001821 0.0001781 34 27 
0.0003541 0.0004028 0.0004577 0.0004577 0.0001355 0.0001222 27 27 
0.0003593 0.0004217 0.0004591 0.0004591 0.0001277 0.0001266 30 29 
0.0004317 0.0005396 0.0007103 0.0007103 0.0001319 0.0001349 28 27 
0.0004207 0.0004293 0.000449 0.000449 0.0001508 0.0001264 30 29 
0.0003824 0.0004012 0.0004414 0.0004414 0.0001464 0.0001281 26 29 
0.0006077 0.0005545 0.0008144 0.0008144 0.000171 0.0001927 31 28 
0.0005204 0.0005054 0.0006879 0.0006879 0.000182 0.0001577 27 27 
0.0004936 0.0004881 0.0009069 0.0009069 0.0001452 0.0001974 27 30 
0.0005411 0.0004953 0.0006476 0.0006476 0.000153 0.0001385 30 27 
0.000394 0.0003765 0.0004365 0.0004365 0.0001449 0.0002 28 30 
0.0005372 0.0004958 0.0006453 0.0006453 0.0001562 0.0001229 31 27 
0.0004018 0.0005612 0.0004781 0.0004781 0.0001392 0.0001675 29 26 
0.0004999 0.0005517 0.0006459 0.0006459 0.0001363 0.0001282 30 31 
0.0003269 0.0003897 0.0004722 0.0004722 0.000147 0.000135 33 28 
0.0003954 0.0003993 0.0004587 0.0004587 0.0001388 0.0001226 31 26 
0.0004157 0.0003838 0.0007307 0.0007307 0.0001507 0.0001332 31 28 
0.0003929 0.0003335 0.0004526 0.0004526 0.0001389 0.0001236 30 30 
0.0005713 0.0005129 0.0006374 0.0006374 0.0001344 0.0001378 30 27 
0.0004879 0.0005813 0.0006307 0.0006307 0.0001364 0.0001268 28 30 
0.0005113 0.0005411 0.0006206 0.0006206 0.0001416 0.0001428 26 27 
0.0003859 0.000382 0.0004521 0.0004521 0.0001601 0.0001325 30 32 
0.0005906 0.0004304 0.0004497 0.0004497 0.0001228 0.000114 32 27 
0.000483 0.000363 0.0004552 0.0004552 0.0001391 0.0001436 28 30 
0.0003941 0.0003483 0.0004462 0.0004462 0.0001414 0.0001212 28 29 
0.0005439 0.000541 0.0004741 0.0004741 0.0001293 0.0001227 27 26 
0.0003532 0.0004112 0.0004564 0.0004564 0.0001447 0.0001326 29 29 
0.0003913 0.000545 0.0007159 0.0007159 0.0001462 0.0001305 25 31 
0.0003983 0.000419 0.0004709 0.0004709 0.0001493 0.0001355 31 28 
0.0004123 0.0003358 0.0004575 0.0004575 0.0001379 0.0001301 31 33 
0.0005767 0.0005094 0.0006669 0.0006669 0.0001449 0.0001326 30 31 
0.000392 0.0005508 0.0004868 0.0004868 0.0001376 0.0001325 30 30 
0.0003376 0.0003996 0.0005263 0.0005263 0.0001442 0.0001312 28 29 
0.0004178 0.0004026 0.0004396 0.0004396 0.0001229 0.0001362 32 27 
0.0003998 0.000406 0.0004463 0.0004463 0.0001438 0.0001293 28 29 
0.0005306 0.0005315 0.0004787 0.0004787 0.0001389 0.000123 27 28 
0.0005809 0.0003629 0.0004839 0.0004839 0.0001555 0.0001295 27 28 
0.0003781 0.0003842 0.0004813 0.0004813 0.0001413 0.0001268 26 32 
0.000411 0.0003911 0.0004758 0.0004758 0.0001469 0.0001239 32 30 
8192 elements ------ ------ ----- ------ ------- ------- 
0.0004212 0.0003924 0.0006849 0.0006849 0.0001419 0.0001529 32 33 
0.0005524 0.0003577 0.0005613 0.0005613 0.0001451 0.0001291 31 31 
0.0004394 0.0003936 0.0005372 0.0005372 0.0001281 0.0001295 32 28 
0.000418 0.000402 0.0005147 0.0005147 0.0001663 0.0001678 37 28 
0.0005875 0.0004194 0.0008199 0.0008199 0.0001535 0.0001624 34 29 
0.0005503 0.0004359 0.0006792 0.0006792 0.000189 0.0001907 32 31 
0.0005543 0.0004227 0.0008009 0.0008009 0.0001398 0.0001346 30 34 
0.0004039 0.0003271 0.000532 0.000532 0.0001398 0.0001321 32 36 
0.0003997 0.0003893 0.0005355 0.0005355 0.0001317 0.000123 31 30 
0.0003924 0.0003824 0.0005219 0.0005219 0.0001316 0.0001227 34 29 
0.0003396 0.0003864 0.0004858 0.0004858 0.0001332 0.0001135 29 33 
0.0003964 0.000387 0.0005044 0.0005044 0.0001438 0.0001454 29 31 
0.0004079 0.0004119 0.0006048 0.0006048 0.0001358 0.0001327 33 32 
0.0003688 0.0004037 0.0005304 0.0005304 0.0001951 0.0001554 30 35 
0.0006144 0.0004572 0.0005797 0.0005797 0.00013 0.0001319 32 34 
0.0004266 0.0004008 0.0005358 0.0005358 0.0001319 0.0001427 34 34 
0.0003441 0.0003908 0.0005204 0.0005204 0.0001264 0.0001171 30 32 
0.0004066 0.000371 0.0005375 0.0005375 0.0001813 0.0001656 34 31 
0.00054 0.0003691 0.0005439 0.0005439 0.0001492 0.0001239 30 30 
0.0003487 0.0004026 0.0005531 0.0005531 0.000127 0.0001258 32 32 
0.0004112 0.0003901 0.0005513 0.0005513 0.000125 0.0001269 31 32 
0.0003788 0.0003699 0.0004693 0.0004693 0.0001362 0.000123 29 33 
0.0003475 0.0003823 0.0004884 0.0004884 0.0001805 0.0001476 33 29 
0.0003844 0.0004235 0.0005063 0.0005063 0.000151 0.0001416 29 32 
0.0003804 0.000409 0.0005859 0.0005859 0.000135 0.0001299 31 32 
0.0005133 0.0003601 0.0004995 0.0004995 0.0001328 0.0001174 30 31 
0.0004285 0.0003462 0.0004839 0.0004839 0.0001279 0.0001209 29 31 
0.0003992 0.0003405 0.0004699 0.0004699 0.000128 0.0001236 33 35 
0.0004259 0.00035 0.0004844 0.0004844 0.0001252 0.0001346 34 34 
0.0003973 0.0003781 0.0004655 0.0004655 0.0001304 0.0001249 30 30 
0.0004228 0.0003734 0.0005396 0.0005396 0.0001369 0.00013 32 29 
0.0005717 0.0005546 0.0007071 0.0007071 0.0001785 0.0001787 29 32 
0.0004212 0.0005693 0.0007156 0.0007156 0.000148 0.0001421 33 36 
0.0004024 0.0003598 0.0004634 0.0004634 0.0001432 0.0001308 31 30 
0.0003413 0.0005319 0.000513 0.000513 0.0001324 0.0001316 31 28 
0.0006516 0.000564 0.0005336 0.0005336 0.0001293 0.0001493 32 32 
0.0003573 0.0004118 0.0004836 0.0004836 0.0001359 0.000148 30 34 
0.0003983 0.0003342 0.0004668 0.0004668 0.0001251 0.0001284 30 33 
0.0004255 0.0003397 0.0004879 0.0004879 0.0001663 0.0001431 30 32 
0.0003985 0.000328 0.0004722 0.0004722 0.0001335 0.0001622 32 33 
0.0004296 0.0003613 0.0008052 0.0008052 0.0001349 0.0001276 30 32 
0.0005175 0.0005227 0.0005237 0.0005237 0.000157 0.0001384 32 32 
0.0006231 0.0004028 0.0005224 0.0005224 0.0001331 0.000128 32 31 
0.0003972 0.0004053 0.0005103 0.0005103 0.0001316 0.0001205 36 34 
0.0004021 0.0003859 0.0004855 0.0004855 0.0001272 0.0001252 35 32 
0.0004139 0.0004093 0.0004707 0.0004707 0.0001217 0.0001257 34 32 
0.0003431 0.0004171 0.0004633 0.0004633 0.000132 0.00013 34 30 
0.0003744 0.0004505 0.000499 0.000499 0.0001323 0.0001275 31 29 
0.0003428 0.0003821 0.0004753 0.0004753 0.0001469 0.000144 30 35 
0.0003867 0.0003173 0.0004686 0.0004686 0.000199 0.0003676 30 34 
16384 elements ------ ------ ----- ------ ------- ------- 
0.0003754 0.000404 0.0006117 0.0006117 0.0001458 0.0001586 35 34 
0.0004035 0.0003776 0.000682 0.000682 0.0001417 0.0001291 37 35 
0.0004433 0.0003553 0.0008329 0.0008329 0.0001758 0.0001539 33 32 
0.0003786 0.0004058 0.000621 0.000621 0.0001324 0.0001559 36 35 
0.0003899 0.0004146 0.0010186 0.0010186 0.000218 0.0001638 35 36 
0.0004189 0.0005392 0.0007074 0.0007074 0.0001574 0.0001343 34 34 
0.0004147 0.0003478 0.0006328 0.0006328 0.0001452 0.0001375 30 39 
0.0003572 0.0004094 0.0006206 0.0006206 0.0001516 0.0001805 36 33 
0.0004133 0.0004117 0.0006115 0.0006115 0.0001453 0.0001359 35 37 
0.000421 0.0004595 0.0006331 0.0006331 0.0001613 0.0001329 31 35 
0.0004337 0.0003466 0.0006239 0.0006239 0.000154 0.0001293 35 33 
0.0003705 0.0004098 0.0006199 0.0006199 0.0001372 0.0001341 32 33 
0.0004068 0.000445 0.0006206 0.0006206 0.0001355 0.0001434 34 33 
0.0004618 0.0004073 0.0006261 0.0006261 0.0001422 0.0001295 32 34 
0.0004278 0.0003419 0.000599 0.000599 0.0001311 0.0001355 35 34 
0.0005138 0.000425 0.0006544 0.0006544 0.0001377 0.0001416 34 34 
0.000447 0.0008632 0.000632 0.000632 0.0001276 0.0001207 34 33 
0.0008753 0.0004039 0.000616 0.000616 0.0001469 0.0001274 33 33 
0.0004364 0.0003533 0.0006373 0.0006373 0.0001805 0.000147 34 33 
0.0006923 0.0004167 0.0006779 0.0006779 0.000148 0.0001419 31 32 
0.0004251 0.000382 0.000609 0.000609 0.0001304 0.0001217 34 35 
0.0004205 0.0004458 0.0007433 0.0007433 0.0001423 0.0001298 34 34 
0.0006505 0.0003894 0.0006404 0.0006404 0.0001325 0.0001238 33 37 
0.000339 0.0004101 0.0006628 0.0006628 0.0001529 0.0001248 36 32 
0.0008301 0.0008149 0.0006286 0.0006286 0.0001383 0.0001882 32 37 
0.0004277 0.0003821 0.0009469 0.0009469 0.0001472 0.000127 36 37 
0.000422 0.000341 0.0007225 0.0007225 0.0001489 0.0001297 35 34 
0.0003734 0.0003994 0.0006736 0.0006736 0.0001307 0.0001359 33 36 
0.0005504 0.0004309 0.0006258 0.0006258 0.0001315 0.0001283 41 38 
0.0004316 0.0004146 0.0006601 0.0006601 0.0001346 0.0001264 38 32 
0.000432 0.0003356 0.0006216 0.0006216 0.0001439 0.0001429 35 33 
0.0003792 0.0003988 0.0006176 0.0006176 0.000133 0.0001279 31 38 
0.0004116 0.0004108 0.0006102 0.0006102 0.0001387 0.0001317 36 30 
0.0004263 0.0004092 0.0007778 0.0007778 0.0001479 0.0001526 38 40 
0.0005727 0.0003855 0.0006634 0.0006634 0.0001502 0.0001374 36 33 
0.0003671 0.0003812 0.0006118 0.0006118 0.0001477 0.000144 36 35 
0.0004535 0.0004357 0.0006293 0.0006293 0.0001384 0.0001416 33 33 
0.0004255 0.0003828 0.0006159 0.0006159 0.0001436 0.0001324 35 33 
0.00043 0.0003414 0.000622 0.000622 0.0001332 0.0001364 32 31 
0.0003871 0.0004394 0.0006117 0.0006117 0.0001446 0.00013 34 36 
0.0004305 0.0004082 0.0006168 0.0006168 0.0001417 0.000128 33 33 
0.000458 0.0003925 0.0006056 0.0006056 0.0001512 0.0001254 34 32 
0.0004394 0.0004878 0.0006418 0.0006418 0.0001377 0.0001338 35 38 
0.0003651 0.0004105 0.0006355 0.0006355 0.0001439 0.0001342 35 32 
0.0004296 0.000374 0.0006153 0.0006153 0.0001422 0.0001922 36 37 
0.0004152 0.0003797 0.0006163 0.0006163 0.0001342 0.0001204 36 32 
0.0004211 0.0003456 0.0005959 0.0005959 0.0001445 0.00013 34 36 
0.000362 0.0003977 0.0006107 0.0006107 0.0001282 0.0001438 33 32 
0.0004187 0.0006074 0.0006162 0.0006162 0.0001337 0.0001299 35 37 
0.000608 0.0006715 0.0009163 0.0009163 0.0002037 0.0002025 41 34 
32768 elements ------ ------ ----- ------ ------- ------- 
0.000438 0.0004547 0.0007639 0.0007639 0.000157 0.0001537 36 34 
0.0005267 0.0005182 0.0008859 0.0008859 0.0001618 0.0001766 40 40 
0.000611 0.000582 0.0011061 0.0011061 0.000199 0.0001407 37 38 
0.0005364 0.0004446 0.0007691 0.0007691 0.0001822 0.0001658 38 36 
0.0004488 0.000439 0.000772 0.000772 0.000188 0.0001506 36 38 
0.0003857 0.0006227 0.0009857 0.0009857 0.0001513 0.0001342 37 37 
0.0004969 0.0004651 0.0011791 0.0011791 0.0001558 0.0001622 44 36 
0.0005432 0.0005277 0.0010108 0.0010108 0.0001601 0.0001426 35 38 
0.000396 0.0004306 0.0010645 0.0010645 0.0001428 0.0001363 40 38 
0.000426 0.0003458 0.0011159 0.0011159 0.0001542 0.0001427 34 40 
0.0004503 0.0003991 0.0010249 0.0010249 0.000153 0.0001419 36 38 
0.0008297 0.0008765 0.0011608 0.0011608 0.0001802 0.0001291 41 37 
0.0004496 0.0004625 0.001222 0.001222 0.0001545 0.0001258 38 37 
0.0006423 0.0004633 0.0007741 0.0007741 0.0001444 0.0001896 39 39 
0.0009081 0.0008872 0.000771 0.000771 0.0001597 0.0001951 37 36 
0.0004526 0.0004214 0.0012355 0.0012355 0.0001456 0.0001494 36 40 
0.0004266 0.0004231 0.0008975 0.0008975 0.0001573 0.0001412 40 35 
0.0004571 0.000424 0.0010556 0.0010556 0.000145 0.0001374 37 40 
0.0004351 0.0006446 0.0010547 0.0010547 0.0001584 0.0001687 36 39 
0.0005913 0.0006163 0.0011999 0.0011999 0.0001602 0.0001302 39 42 
0.0004163 0.0004319 0.0007465 0.0007465 0.0001479 0.0001387 37 36 
0.0003931 0.0004452 0.0007641 0.0007641 0.0001456 0.0001336 38 37 
0.0004131 0.0004395 0.0007861 0.0007861 0.0001503 0.0001322 37 39 
0.0004296 0.0003764 0.0008168 0.0008168 0.0001826 0.000147 34 36 
0.0004561 0.0003751 0.0007643 0.0007643 0.0001421 0.000125 39 38 
0.0004532 0.0003753 0.0010573 0.0010573 0.0001636 0.0001393 38 37 
0.0004723 0.0003743 0.001222 0.001222 0.0001557 0.0001374 39 38 
0.0004965 0.0004438 0.0009184 0.0009184 0.0001521 0.0001631 44 35 
0.0004329 0.000423 0.0009494 0.0009494 0.0001891 0.0001874 44 36 
0.0004408 0.0004346 0.0011235 0.0011235 0.0001492 0.0001436 37 38 
0.0004448 0.0006803 0.0007915 0.0007915 0.0001476 0.0001343 37 39 
0.0004669 0.0004561 0.0010483 0.0010483 0.0001541 0.0001886 36 34 
0.0004442 0.0004422 0.0011112 0.0011112 0.00015 0.0001646 40 37 
0.0005597 0.0004556 0.0007505 0.0007505 0.0001592 0.0001551 35 40 
0.0004105 0.0004377 0.0011621 0.0011621 0.0001999 0.0001637 35 37 
0.000401 0.0006755 0.0010551 0.0010551 0.0001779 0.0001329 37 39 
0.0007744 0.0009208 0.0007612 0.0007612 0.0001535 0.0001384 36 38 
0.0008558 0.0007878 0.0007477 0.0007477 0.0001544 0.000184 43 34 
0.0009279 0.0004798 0.0008104 0.0008104 0.000156 0.0001411 38 39 
0.0005385 0.0004267 0.0009376 0.0009376 0.0001504 0.0001427 38 42 
0.0004456 0.0004432 0.0007637 0.0007637 0.0002085 0.0001498 38 35 
0.0004397 0.0003997 0.0007459 0.0007459 0.000153 0.0001299 35 36 
0.0004629 0.0004096 0.000757 0.000757 0.0001394 0.0001456 36 36 
0.0006222 0.0005442 0.000759 0.000759 0.0001454 0.0001285 36 35 
0.0004699 0.0004614 0.0007783 0.0007783 0.0001458 0.0001312 42 35 
0.0004368 0.0004306 0.0012571 0.0012571 0.0001591 0.0001345 38 35 
0.0005618 0.0005635 0.0009604 0.0009604 0.0001553 0.0001836 38 37 
0.0005901 0.0005587 0.0009453 0.0009453 0.0001592 0.0001366 35 36 
0.0005936 0.0005478 0.0007876 0.0007876 0.0001489 0.0001398 36 38 
0.0008412 0.0005293 0.0008647 0.0008647 0.0001769 0.0001514 40 41 
65536 elements ------ ------ ----- ------ ------- ------- 
0.0004227 0.000442 0.0009034 0.0009034 0.0001474 0.0001346 39 42 
0.0005939 0.0005793 0.0012057 0.0012057 0.000206 0.0001865 39 42 
0.0004613 0.000391 0.0013333 0.0013333 0.0001554 0.0002484 44 41 
0.0004532 0.0005266 0.0013728 0.0013728 0.0001579 0.0001784 37 43 
0.0005066 0.0004618 0.0008865 0.0008865 0.0001527 0.0001408 38 36 
0.0004652 0.000383 0.0010262 0.0010262 0.0001586 0.0001485 43 40 
0.0004741 0.0004442 0.0015355 0.0015355 0.0001545 0.0001407 44 38 
0.000684 0.0006218 0.0016795 0.0016795 0.0001804 0.0002005 41 40 
0.0004348 0.000425 0.0008971 0.0008971 0.0001484 0.0001338 41 37 
0.0004409 0.0003805 0.0013322 0.0013322 0.0001532 0.0001831 39 41 
0.0007833 0.0005733 0.0010528 0.0010528 0.0001769 0.000185 38 40 
0.0004544 0.0008104 0.000935 0.000935 0.0001514 0.0001307 42 46 
0.0004575 0.0003836 0.001295 0.001295 0.0001671 0.0001579 39 38 
0.0004248 0.0004556 0.0009532 0.0009532 0.0001578 0.0001808 38 37 
0.0004615 0.0004184 0.0014002 0.0014002 0.0001498 0.0001399 37 42 
0.0004804 0.0004754 0.000931 0.000931 0.0001507 0.0001376 41 40 
0.0004737 0.0004002 0.001301 0.001301 0.0001607 0.0001945 41 43 
0.0005193 0.0006324 0.0014619 0.0014619 0.0001674 0.0001685 38 41 
0.0006493 0.0004371 0.0014609 0.0014609 0.0001554 0.0001554 42 43 
0.000451 0.0005097 0.0009069 0.0009069 0.0001524 0.0001514 43 38 
0.000368 0.0004487 0.0013213 0.0013213 0.0001649 0.0001336 44 42 
0.00046 0.0003983 0.001346 0.001346 0.0001868 0.0001936 40 42 
0.0005028 0.0007319 0.0015535 0.0015535 0.0001637 0.0001842 39 37 
0.0009222 0.0006185 0.000918 0.000918 0.0001425 0.0001467 42 41 
0.0004072 0.0004184 0.0012649 0.0012649 0.0001602 0.0001372 38 39 
0.0004608 0.0004458 0.0008975 0.0008975 0.0001473 0.0001369 39 40 
0.0005307 0.0004502 0.000949 0.000949 0.0001567 0.0001386 39 38 
0.0003798 0.0004534 0.0009354 0.0009354 0.000158 0.0001565 41 44 
0.000473 0.0004488 0.0012294 0.0012294 0.0001621 0.0001818 40 41 
0.0004901 0.000551 0.0013066 0.0013066 0.0001553 0.000145 40 38 
0.0004549 0.0003785 0.000919 0.000919 0.0001607 0.0001432 37 42 
0.000404 0.0004428 0.0011939 0.0011939 0.0001547 0.0001317 41 39 
0.0006729 0.0006183 0.0012387 0.0012387 0.0002084 0.0001533 39 47 
0.0004703 0.0004287 0.0012999 0.0012999 0.0001537 0.000153 41 42 
0.0004067 0.0004632 0.0009063 0.0009063 0.0001529 0.0001465 42 41 
0.0004862 0.00043 0.0010316 0.0010316 0.0001582 0.0001506 38 42 
0.0005596 0.000429 0.0015659 0.0015659 0.0001883 0.0001936 43 39 
0.0006482 0.0006032 0.0009924 0.0009924 0.0001705 0.0001887 40 42 
0.0003849 0.0004353 0.0008766 0.0008766 0.0001484 0.00013 42 41 
0.0005861 0.0004259 0.0013601 0.0013601 0.0002111 0.00017 37 41 
0.0006534 0.000384 0.0014471 0.0014471 0.0001906 0.0001547 38 46 
0.0003885 0.0004659 0.0009458 0.0009458 0.0001506 0.0001376 43 41 
0.0008689 0.0004223 0.0008988 0.0008988 0.0001498 0.0001351 40 43 
0.0004695 0.000465 0.0014321 0.0014321 0.0001589 0.0002181 39 44 
0.000957 0.0008231 0.0009346 0.0009346 0.000152 0.0001505 36 40 
0.0004039 0.0004337 0.0008991 0.0008991 0.0001558 0.000175 38 42 
0.0004774 0.0005745 0.0011433 0.0011433 0.0001584 0.0001692 38 43 
0.0005145 0.0005616 0.0011726 0.0011726 0.0001523 0.000154 43 40 
0.0004844 0.0004593 0.0009099 0.0009099 0.000151 0.0001356 40 40 
0.0004015 0.000479 0.0010173 0.0010173 0.0001612 0.0001711 46 39 
131072 elements ------ ------ ----- ------ ------- ------- 
0.0006577 0.0005556 0.0011012 0.0011012 0.0001698 0.0001354 44 45 
0.0004179 0.0004807 0.0010811 0.0010811 0.0001649 0.0001459 46 45 
0.0004388 0.0005023 0.0010455 0.0010455 0.0001869 0.0001958 40 47 
0.0004123 0.000448 0.0010541 0.0010541 0.0001631 0.0001394 43 42 
0.0004727 0.0004414 0.0010668 0.0010668 0.0001567 0.0001372 45 39 
0.0004092 0.0004442 0.0010478 0.0010478 0.0002084 0.0002006 41 42 
0.000401 0.0006216 0.0014003 0.0014003 0.0001527 0.0001365 42 42 
0.0003978 0.0004498 0.001074 0.001074 0.0001674 0.0001451 46 41 
0.0004128 0.0004395 0.0010513 0.0010513 0.0001528 0.0002582 41 49 
0.0004374 0.0005063 0.00105 0.00105 0.0001548 0.000148 48 40 
0.0006235 0.0006464 0.0018819 0.0018819 0.0002 0.0002069 41 37 
0.0004209 0.0004264 0.0011686 0.0011686 0.0002055 0.0001351 42 43 
0.0003995 0.0004625 0.0010711 0.0010711 0.0001592 0.0001303 43 44 
0.0004463 0.0006307 0.0012371 0.0012371 0.0001791 0.0001671 42 43 
0.0004328 0.0006582 0.0010633 0.0010633 0.0001609 0.0001658 42 44 
0.0003929 0.0004598 0.0010948 0.0010948 0.0001627 0.0002799 41 43 
0.0004111 0.0004897 0.0015565 0.0015565 0.0001729 0.0001467 43 41 
0.0008241 0.0005094 0.0010561 0.0010561 0.0001469 0.0001427 43 45 
0.0004532 0.0004762 0.0014769 0.0014769 0.0002111 0.0001633 42 40 
0.0004354 0.0004367 0.0010505 0.0010505 0.000165 0.0001493 42 40 
0.0003993 0.0004803 0.0010678 0.0010678 0.0002797 0.0002328 44 43 
0.000425 0.0004682 0.0010878 0.0010878 0.0001559 0.0001597 46 42 
0.0006113 0.0004503 0.0010692 0.0010692 0.0001526 0.000133 48 44 
0.0006359 0.0006615 0.0010725 0.0010725 0.0001504 0.0001457 43 46 
0.0007857 0.0004928 0.0011747 0.0011747 0.0001599 0.0001385 43 39 
0.0009179 0.0008412 0.0014636 0.0014636 0.0001563 0.0001592 44 46 
0.0005815 0.0004505 0.0016388 0.0016388 0.0001731 0.0002107 43 40 
0.0004308 0.0004683 0.0010931 0.0010931 0.000154 0.0001692 45 44 
0.0005487 0.0006846 0.0014084 0.0014084 0.0001491 0.0001774 39 47 
0.0004254 0.0004983 0.0010898 0.0010898 0.0001528 0.0001395 45 45 
0.0005636 0.0006657 0.0014928 0.0014928 0.0001477 0.0001376 47 41 
0.0004458 0.0007012 0.0016477 0.0016477 0.0002078 0.0001599 49 43 
0.0004917 0.0009617 0.0010986 0.0010986 0.0001612 0.0001341 44 47 
0.0004239 0.0004919 0.0014545 0.0014545 0.0001552 0.000144 40 44 
0.0004221 0.0005324 0.0014757 0.0014757 0.000164 0.0001706 47 41 
0.0004073 0.0004398 0.0014734 0.0014734 0.0001469 0.0001283 45 44 
0.0004349 0.0004484 0.0011313 0.0011313 0.000174 0.0001918 43 42 
0.0004272 0.0004887 0.0015394 0.0015394 0.0001541 0.0001458 44 45 
0.0004439 0.0005048 0.0010566 0.0010566 0.0001547 0.0001411 42 42 
0.0004075 0.0004661 0.001063 0.001063 0.0001437 0.0001322 42 43 
0.0004861 0.0006611 0.0018307 0.0018307 0.000172 0.0001878 48 41 
0.0010247 0.0007746 0.0010638 0.0010638 0.0001532 0.0001499 50 42 
0.0004903 0.0003859 0.0014307 0.0014307 0.0002112 0.0001381 45 43 
0.0004657 0.000392 0.0010717 0.0010717 0.0002192 0.0002909 43 46 
0.0005878 0.0006264 0.001853 0.001853 0.0002029 0.0001982 45 43 
0.0004914 0.0003702 0.001062 0.001062 0.0002148 0.0002083 44 42 
0.0006751 0.0007569 0.0014387 0.0014387 0.0003081 0.0001496 40 41 
0.0006125 0.000533 0.0013422 0.0013422 0.0002261 0.0001908 41 41 
0.0005004 0.0003957 0.0010786 0.0010786 0.0001591 0.0001433 47 45 
0.0006812 0.0005614 0.002045 0.002045 0.0002186 0.0001767 41 41 
262144 elements ------ ------ ----- ------ ------- ------- 
0.0008345 0.0006767 0.0019749 0.0019749 0.0001585 0.0001382 49 47 
0.0005679 0.0004841 0.0019434 0.0019434 0.0002214 0.0002139 46 46 
0.0005849 0.0006298 0.0020593 0.0020593 0.0002075 0.0001812 46 47 
0.0010127 0.0006117 0.0018737 0.0018737 0.0003015 0.0001436 46 45 
0.0005012 0.0004187 0.0015496 0.0015496 0.0001945 0.0001943 46 44 
0.0005491 0.0008945 0.0016002 0.0016002 0.0002267 0.0001886 44 46 
0.0009375 0.0004933 0.0018874 0.0018874 0.0001559 0.0001445 44 48 
0.0005572 0.0006083 0.0016669 0.0016669 0.000204 0.0001968 50 47 
0.0007111 0.0006216 0.001859 0.001859 0.0001737 0.0001848 45 44 
0.0006639 0.000598 0.001382 0.001382 0.0001547 0.0001634 45 46 
0.000605 0.0007059 0.0017174 0.0017174 0.0001927 0.000183 49 48 
0.0005147 0.0006145 0.0015794 0.0015794 0.0001599 0.0001463 49 45 
0.0006554 0.0005591 0.001811 0.001811 0.000169 0.0001964 45 43 
0.000557 0.000486 0.0018518 0.0018518 0.0001769 0.0001598 45 47 
0.0005035 0.0006207 0.0019093 0.0019093 0.000189 0.0001694 44 45 
0.0004616 0.0005069 0.0015844 0.0015844 0.0001902 0.0001929 43 46 
0.0006034 0.0005844 0.0018429 0.0018429 0.0002334 0.000195 44 43 
0.0007107 0.0004987 0.001716 0.001716 0.0001643 0.000135 50 47 
0.0005228 0.0004647 0.0011926 0.0011926 0.0002088 0.000138 50 49 
0.0004916 0.0005346 0.001715 0.001715 0.0001659 0.0001597 51 47 
0.0006985 0.0003914 0.001774 0.001774 0.0002167 0.0002038 47 46 
0.0006606 0.0006784 0.0018916 0.0018916 0.0002363 0.0001577 46 46 
0.000632 0.0004016 0.0018069 0.0018069 0.0001887 0.0001757 46 47 
0.0005845 0.0005917 0.0016711 0.0016711 0.0002296 0.0002198 51 45 
0.0006488 0.0006908 0.0018065 0.0018065 0.0002302 0.0001445 47 48 
0.0005192 0.0006267 0.0017155 0.0017155 0.0002105 0.0001368 47 48 
0.0006317 0.00069 0.0017021 0.0017021 0.0001625 0.0001461 49 43 
0.0008525 0.0006331 0.0016751 0.0016751 0.0002269 0.0002056 47 46 
0.0006429 0.0004671 0.0016023 0.0016023 0.0001681 0.0001866 48 48 
0.0005203 0.0006968 0.0017932 0.0017932 0.0001856 0.0002023 44 46 
0.0007656 0.0006442 0.0019158 0.0019158 0.0002228 0.0002028 46 45 
0.0009549 0.0005334 0.0018421 0.0018421 0.0001472 0.000188 45 46 
0.0007438 0.0006983 0.0017308 0.0017308 0.0001801 0.00017 44 45 
0.0005489 0.000494 0.0018052 0.0018052 0.0001562 0.0001915 46 48 
0.0006239 0.0004766 0.0019172 0.0019172 0.0001597 0.0001882 50 51 
0.0007844 0.0005622 0.0017697 0.0017697 0.0001888 0.0001367 49 45 
0.0005035 0.0007041 0.0017837 0.0017837 0.0002202 0.0002422 47 42 
0.0005633 0.000705 0.0018332 0.0018332 0.0001997 0.00016 47 43 
0.0005396 0.0005272 0.0016813 0.0016813 0.0001738 0.0001414 46 46 
0.0005423 0.0006185 0.0015681 0.0015681 0.0001834 0.0001651 47 45 
0.0005546 0.0004997 0.0014094 0.0014094 0.000178 0.0001634 45 45 
0.0005895 0.0007159 0.0018518 0.0018518 0.0001641 0.0001843 44 46 
0.0005656 0.000666 0.0018641 0.0018641 0.0001876 0.0001499 46 48 
0.000787 0.0005194 0.0018697 0.0018697 0.0001558 0.0001352 47 48 
0.0003986 0.0004817 0.0015886 0.0015886 0.0001959 0.0003754 47 45 
0.0007419 0.0006023 0.0015703 0.0015703 0.00018 0.0001696 48 45 
0.0005569 0.0006953 0.0018451 0.0018451 0.0001791 0.0002111 47 47 
0.0007285 0.0007525 0.0017472 0.0017472 0.0001875 0.0001691 46 43 
0.0005148 0.0004382 0.0018434 0.0018434 0.00019 0.000195 46 45 
0.0005668 0.0006154 0.001651 0.001651 0.0001925 0.000183 46 44 
insert_time1 insert_time2 erase_time1 erase_time2 find_time1 find_time1 Max_depth1 Max_depth2 
1024 elements ------ ------ ----- ------ ------- ------- 
0.0004378 0.000507 0.0004322 0.0004322 0.0001195 0.0001696 23 26 
0.000456 0.0005942 0.0003196 0.0003196 0.0001615 0.0001481 22 21 
0.0003871 0.0005796 0.0003546 0.0003546 0.0001624 0.0001885 22 22 
0.0004348 0.0003367 0.0002795 0.0002795 0.0001481 0.0001545 24 20 
0.0003827 0.0004903 0.0003897 0.0003897 0.0001765 0.0001562 24 21 
0.0004435 0.0003578 0.0002981 0.0002981 0.0001372 0.0001999 20 21 
0.0003878 0.0004848 0.0002703 0.0002703 0.0001422 0.000143 25 22 
0.0005727 0.0004326 0.0003361 0.0003361 0.0001534 0.0001253 20 24 
0.0004472 0.0004507 0.0003003 0.0003003 0.0001602 0.0001347 23 21 
0.0006331 0.0003601 0.0003868 0.0003868 0.0001727 0.0001166 20 20 
0.0003979 0.0003993 0.0002859 0.0002859 0.000168 0.0001545 21 22 
0.0004277 0.0004334 0.0002787 0.0002787 0.000123 0.0001192 25 22 
0.0003812 0.0003853 0.0002705 0.0002705 0.0001244 0.0001202 21 24 
0.0004958 0.0004029 0.0004106 0.0004106 0.000164 0.0001642 19 21 
0.0005814 0.0006013 0.0003366 0.0003366 0.000171 0.0001816 25 26 
0.0005373 0.0004066 0.0002848 0.0002848 0.0001267 0.0001299 24 22 
0.0004326 0.0003409 0.0002859 0.0002859 0.0001141 0.0001138 22 20 
0.0005737 0.0005787 0.0004093 0.0004093 0.0001344 0.0001223 23 20 
0.0004286 0.0003577 0.0003841 0.0003841 0.0001277 0.0001236 25 23 
0.0003933 0.000528 0.000409 0.000409 0.0001642 0.0001259 24 23 
0.0003923 0.0003105 0.0002677 0.0002677 0.0001234 0.0001137 20 22 
0.0003972 0.0003815 0.0003625 0.0003625 0.0001557 0.0001786 19 18 
0.000348 0.0003929 0.0002704 0.0002704 0.00013 0.000131 18 22 
0.0003973 0.0003778 0.000267 0.000267 0.0001534 0.0001178 22 25 
0.0004263 0.0004474 0.0002695 0.0002695 0.0002052 0.0001693 26 22 
0.0004018 0.0004214 0.0002602 0.0002602 0.0001165 0.0001239 23 21 
0.0004958 0.0004059 0.0002706 0.0002706 0.0001727 0.0001767 21 23 
0.0004092 0.0003291 0.0002668 0.0002668 0.0001209 0.000152 24 20 
0.0003808 0.0005049 0.0003941 0.0003941 0.0001501 0.0001459 23 21 
0.0004451 0.0003582 0.0004126 0.0004126 0.0001674 0.0001582 26 20 
0.0003867 0.0003713 0.0002535 0.0002535 0.0001156 0.0001132 22 20 
0.0004035 0.0003273 0.0002587 0.0002587 0.0001249 0.0001773 20 21 
0.0003865 0.0003663 0.0002436 0.0002436 0.0001167 9.65e-05 22 26 
0.0003469 0.0003904 0.0002693 0.0002693 0.0001237 0.0001199 22 21 
0.0004221 0.0004503 0.0002684 0.0002684 0.0001157 0.0001178 21 23 
0.0003324 0.0004058 0.000261 0.000261 0.0001286 0.0001218 22 21 
0.0004115 0.0008036 0.0003691 0.0003691 0.0001315 0.0001321 19 20 
0.0003289 0.0004175 0.0002869 0.0002869 0.0001315 0.0001376 25 21 
0.0004007 0.000386 0.0002876 0.0002876 0.0001637 0.000162 19 21 
0.0003349 0.0006323 0.0003585 0.0003585 0.0002196 0.0001664 23 19 
0.0004143 0.0003253 0.0002726 0.0002726 0.0001315 0.0001527 21 22 
0.0005413 0.0005829 0.000372 0.000372 0.000157 0.0001599 30 21 
0.0005701 0.0003751 0.0002848 0.0002848 0.0001393 0.0001304 21 21 
0.0004305 0.000399 0.0002727 0.0002727 0.0001277 0.0001238 23 19 
0.0005854 0.0004689 0.0004007 0.0004007 0.0001574 0.0001282 19 21 
0.0005799 0.0004471 0.0002805 0.0002805 0.0001822 0.0001587 23 20 
0.0004457 0.0005745 0.00035 0.00035 0.000162 0.0001874 22 22 
0.0006047 0.0006279 0.0003988 0.0003988 0.0001261 0.000161 24 25 
0.0003505 0.0004156 0.0003963 0.0003963 0.0001684 0.0001642 24 20 
0.0004308 0.0006232 0.0004017 0.0004017 0.0001633 0.0001733 21 20 
2048 elements ------ ------ ----- ------ ------- ------- 
0.0005597 0.0004471 0.0003349 0.0003349 0.00021 0.0001592 25 27 
0.000586 0.0003411 0.0003664 0.0003664 0.0001411 0.0001511 24 25 
0.0008552 0.0004554 0.0003967 0.0003967 0.0001989 0.0001802 22 23 
0.000463 0.0005379 0.0005064 0.0005064 0.00017 0.0001677 26 24 
0.0003901 0.00044 0.0003565 0.0003565 0.0001276 0.0001191 23 28 
0.0006287 0.0007498 0.0007257 0.0007257 0.0002552 0.0001987 26 26 
0.0004203 0.0004122 0.0003385 0.0003385 0.0002097 0.0001725 23 25 
0.0003762 0.0007471 0.0004625 0.0004625 0.0001652 0.0001681 26 24 
0.0006693 0.0005786 0.0004023 0.0004023 0.0001393 0.0001378 23 24 
0.0005807 0.0004518 0.0003462 0.0003462 0.0001349 0.0001286 26 29 
0.0003979 0.0004001 0.0003404 0.0003404 0.0001285 0.0001257 28 23 
0.0004268 0.0004117 0.0004096 0.0004096 0.0001145 0.0001589 27 23 
0.000447 0.0003627 0.0007909 0.0007909 0.0001782 0.0001836 25 26 
0.0004127 0.0003431 0.0003922 0.0003922 0.0001247 0.0001209 25 24 
0.0006677 0.0004076 0.0004754 0.0004754 0.000139 0.0001408 24 26 
0.0007659 0.000487 0.0005408 0.0005408 0.0001937 0.0001726 23 22 
0.0004804 0.0005653 0.0005236 0.0005236 0.000184 0.000149 26 25 
0.0005251 0.0004092 0.0003735 0.0003735 0.0001688 0.000179 23 28 
0.0003451 0.0004307 0.0003587 0.0003587 0.0001539 0.0001502 24 30 
0.0003932 0.0005832 0.0004913 0.0004913 0.0001575 0.0001786 25 30 
0.0005323 0.0005964 0.0006341 0.0006341 0.000176 0.0001666 25 24 
0.0006012 0.0006155 0.0004988 0.0004988 0.0001856 0.0001607 28 23 
0.0005531 0.0005658 0.0005239 0.0005239 0.0001903 0.0001721 27 25 
0.0004148 0.0004139 0.0003724 0.0003724 0.0002315 0.0001448 23 28 
0.0005977 0.0004548 0.0003774 0.0003774 0.00014 0.0001435 25 24 
0.0003888 0.0003242 0.0005039 0.0005039 0.0001516 0.0001328 24 26 
0.0004436 0.0003491 0.0004058 0.0004058 0.0001504 0.0001613 25 24 
0.001032 0.0003977 0.0005719 0.0005719 0.0001788 0.0001703 23 26 
0.0004947 0.0004212 0.0003681 0.0003681 0.0001295 0.0001373 23 24 
0.0004738 0.0006024 0.0005208 0.0005208 0.0001767 0.0001299 25 27 
0.000504 0.0005639 0.0005143 0.0005143 0.000183 0.0001871 27 26 
0.0004699 0.0004083 0.0003481 0.0003481 0.0001344 0.0001283 30 27 
0.0003866 0.0004199 0.0003418 0.0003418 0.0001234 0.0001241 24 24 
0.000543 0.0005527 0.0004526 0.0004526 0.0001459 0.000178 24 21 
0.0004372 0.0004489 0.0003375 0.0003375 0.0001912 0.0001933 23 26 
0.0007999 0.0004164 0.0003542 0.0003542 0.000146 0.0001369 27 22 
0.000522 0.0003633 0.000478 0.000478 0.0001897 0.0001323 24 30 
0.0003954 0.0003263 0.0003318 0.0003318 0.000112 0.00011 26 27 
0.0005589 0.0003567 0.0004594 0.0004594 0.0001544 0.0001649 24 25 
0.0005073 0.0005605 0.0004941 0.0004941 0.0001274 0.0001369 25 27 
0.0004857 0.0005783 0.0005034 0.0005034 0.0001393 0.0001362 23 28 
0.0004586 0.000548 0.0003821 0.0003821 0.0001766 0.0001345 25 24 
0.0003188 0.0004059 0.0003329 0.0003329 0.0001319 0.0001299 27 22 
0.0004596 0.0006033 0.0003917 0.0003917 0.0001378 0.0001369 23 26 
0.0008101 0.0003806 0.0002791 0.0002791 0.0001439 0.0001429 26 27 
0.0006875 0.0004117 0.0003296 0.0003296 0.0001193 0.0001103 24 26 
0.0003694 0.0003824 0.0002882 0.0002882 0.0001112 0.0001095 22 28 
0.0005673 0.0004397 0.0004944 0.0004944 0.0001425 0.0001431 25 25 
0.0005618 0.0003364 0.0003418 0.0003418 0.0001256 0.0001725 27 26 
0.0003954 0.0003427 0.0004073 0.0004073 0.0001384 0.0001288 24 28 
4096 elements ------ ------ ----- ------ ------- ------- 
0.0003817 0.0004129 0.0004652 0.0004652 0.0001494 0.0001716 30 30 
0.0003639 0.0004614 0.0006532 0.0006532 0.0001894 0.0001778 28 29 
0.0004534 0.0004828 0.0004674 0.0004674 0.0001716 0.000194 29 34 
0.0006104 0.0005668 0.0005043 0.0005043 0.0001251 0.0001224 28 27 
0.0004393 0.0004258 0.0004397 0.0004397 0.0001369 0.0001629 28 31 
0.0006586 0.0004595 0.0004528 0.0004528 0.0001587 0.0001422 27 28 
0.0003653 0.0008111 0.0007585 0.0007585 0.0001572 0.0001475 27 35 
0.000477 0.0003864 0.0004682 0.0004682 0.0001353 0.0001327 30 33 
0.0009016 0.0004493 0.0004517 0.0004517 0.0001287 0.0001416 29 30 
0.0005398 0.0005572 0.000485 0.000485 0.0001437 0.0001423 30 30 
0.0006148 0.0004936 0.0004413 0.0004413 0.0001284 0.0001224 29 32 
0.0008863 0.0004441 0.0004707 0.0004707 0.0001418 0.0001246 29 28 
0.0007784 0.0005565 0.0006982 0.0006982 0.0001614 0.0001876 29 26 
0.0003615 0.0004054 0.0005058 0.0005058 0.0001483 0.0001378 28 26 
0.0004941 0.0005935 0.000471 0.000471 0.0001589 0.0001444 28 32 
0.0003983 0.0004571 0.0004842 0.0004842 0.0001279 0.0001381 30 29 
0.0006098 0.0005174 0.0005788 0.0005788 0.0001929 0.0001849 28 30 
0.00086 0.0005241 0.0004572 0.0004572 0.0001265 0.0001789 28 30 
0.0007988 0.0004099 0.0004845 0.0004845 0.0001627 0.0001434 29 28 
0.0004832 0.0004631 0.0006477 0.0006477 0.0001729 0.0001667 28 34 
0.0005985 0.0005895 0.0006883 0.0006883 0.0001939 0.0001844 32 29 
0.0004235 0.0004325 0.0004996 0.0004996 0.0001483 0.0001658 29 29 
0.0005076 0.000539 0.0004675 0.0004675 0.0001748 0.0001374 30 28 
0.0005845 0.0003458 0.0006662 0.0006662 0.0001627 0.0001794 29 29 
0.000364 0.0005416 0.0006827 0.0006827 0.0001778 0.0001851 26 28 
0.0003385 0.0004077 0.0004979 0.0004979 0.0001486 0.0001463 28 26 
0.0004378 0.0004546 0.0006996 0.0006996 0.0001875 0.0001937 28 26 
0.0008425 0.0005984 0.0007345 0.0007345 0.0001979 0.0001573 28 26 
0.0004964 0.0005093 0.0006757 0.0006757 0.000192 0.0002376 26 29 
0.0006443 0.0006384 0.0007569 0.0007569 0.0001557 0.0001588 30 33 
0.000535 0.0006128 0.0005498 0.0005498 0.0001972 0.0001993 28 29 
0.0003935 0.0005699 0.0006826 0.0006826 0.0001567 0.0001647 32 31 
0.0004681 0.0006028 0.0007089 0.0007089 0.000204 0.0001959 28 29 
0.0005999 0.0006446 0.0007363 0.0007363 0.0001555 0.0001963 30 24 
0.0006541 0.0005209 0.0007671 0.0007671 0.0001964 0.0001916 30 32 
0.0006534 0.0005848 0.0007181 0.0007181 0.0002047 0.0001468 26 30 
0.0005705 0.0004389 0.0004909 0.0004909 0.0001396 0.0001293 32 27 
0.0005185 0.0005251 0.0004861 0.0004861 0.0001882 0.0001388 29 30 
0.0004456 0.0006123 0.0006304 0.0006304 0.0001839 0.0001456 27 28 
0.0004171 0.0003728 0.0004619 0.0004619 0.0001652 0.0001928 30 30 
0.0003842 0.0003346 0.0005305 0.0005305 0.0001199 0.0001205 30 29 
0.0003703 0.0003262 0.0003603 0.0003603 0.0001028 0.0001556 29 30 
0.0005191 0.0005725 0.0004574 0.0004574 0.0001347 0.0001292 28 29 
0.0003994 0.000403 0.0004666 0.0004666 0.0001371 0.0001238 28 30 
0.0008471 0.0004194 0.0006203 0.0006203 0.0001396 0.0001561 32 31 
0.0006366 0.0004883 0.0003757 0.0003757 0.0001196 0.000138 31 29 
0.0004745 0.000626 0.0004598 0.0004598 0.0001427 0.0001469 27 26 
0.0004246 0.0003603 0.0005827 0.0005827 0.000139 0.0001149 29 29 
0.0003202 0.0008639 0.0007897 0.0007897 0.0001574 0.000163 30 28 
0.0003804 0.0009302 0.0004505 0.0004505 0.0001482 0.0001454 29 27 
8192 elements ------ ------ ----- ------ ------- ------- 
0.0006382 0.0003801 0.000612 0.000612 0.0001533 0.0001385 28 36 
0.0003717 0.0005977 0.0005639 0.0005639 0.0001835 0.0001685 31 31 
0.0004053 0.0004221 0.0005569 0.0005569 0.0001453 0.000143 32 30 
0.0004131 0.000438 0.0005753 0.0005753 0.0001501 0.0001391 34 29 
0.0003293 0.0003726 0.0004084 0.0004084 0.0001929 0.0001899 32 35 
0.0005577 0.0005613 0.0009194 0.0009194 0.0002494 0.0002644 30 32 
0.0008404 0.0007038 0.0005212 0.0005212 0.0001392 0.0001564 32 39 
0.0003607 0.0003927 0.0005908 0.0005908 0.0001332 0.0001271 33 35 
0.0004709 0.0005856 0.0007728 0.0007728 0.0001342 0.0001243 35 34 
0.0007574 0.0003457 0.0005391 0.0005391 0.0001256 0.0001178 35 36 
0.0003417 0.0003898 0.0004884 0.0004884 0.0001569 0.0001216 35 31 
0.0005634 0.0004671 0.000532 0.000532 0.0001224 0.0001064 32 33 
0.0009376 0.0003838 0.0005771 0.0005771 0.0001595 0.0001243 33 32 
0.0007984 0.0004003 0.000538 0.000538 0.0001289 0.000126 31 31 
0.0004106 0.0004179 0.0005705 0.0005705 0.0001496 0.0001579 28 34 
0.0004199 0.0003906 0.0006471 0.0006471 0.0001379 0.0001344 34 35 
0.0008552 0.0005845 0.0005626 0.0005626 0.0002584 0.0002425 35 34 
0.0004075 0.0003876 0.0005575 0.0005575 0.0001329 0.0001246 33 34 
0.0004247 0.0003644 0.0005518 0.0005518 0.0001435 0.0001371 36 29 
0.0007201 0.0004052 0.0005466 0.0005466 0.0001759 0.0001461 30 32 
0.0004362 0.0006257 0.0005658 0.0005658 0.0001485 0.0001462 30 32 
0.0006309 0.0004532 0.0005168 0.0005168 0.0001721 0.0002632 29 30 
0.0003522 0.0004102 0.0005295 0.0005295 0.000136 0.0001361 31 30 
0.0005634 0.0007965 0.0005315 0.0005315 0.0001461 0.0001364 31 30 
0.0006628 0.0004891 0.0005271 0.0005271 0.0001339 0.0001249 30 31 
0.0003431 0.0003834 0.0004504 0.0004504 0.0001384 0.0001457 30 31 
0.0003821 0.0003196 0.000371 0.000371 0.0001423 0.0002553 31 29 
0.0003783 0.000322 0.0005632 0.0005632 0.0001418 0.0001168 34 37 
0.0004339 0.0005075 0.0005676 0.0005676 0.0001585 0.0001556 28 32 
0.0006076 0.0004477 0.0005538 0.0005538 0.0001462 0.0001368 34 30 
0.000857 0.0004032 0.0005059 0.0005059 0.0001248 0.0001169 29 36 
0.0004163 0.0004018 0.0005164 0.0005164 0.0001256 0.000107 28 29 
0.0006606 0.0007929 0.0005193 0.0005193 0.0001341 0.0001279 33 30 
0.0004408 0.000868 0.0005263 0.0005263 0.000132 0.0002696 34 36 
0.0007359 0.0004156 0.0005411 0.0005411 0.0001593 0.0002047 33 29 
0.0004087 0.0007102 0.000544 0.000544 0.000136 0.000142 32 32 
0.0003685 0.0004082 0.0005071 0.0005071 0.0001326 0.0001278 32 32 
0.0003496 0.0004039 0.0005114 0.0005114 0.000126 0.0001248 38 36 
0.0005887 0.0005197 0.0005067 0.0005067 0.0001801 0.0001703 31 31 
0.0004255 0.0004956 0.0005514 0.0005514 0.0001368 0.0001403 32 32 
0.0009055 0.0003717 0.0007197 0.0007197 0.0001468 0.000141 38 32 
0.000513 0.0004763 0.000546 0.000546 0.0001473 0.0001468 33 38 
0.0004422 0.000411 0.0006075 0.0006075 0.0001505 0.0001348 34 37 
0.0004213 0.0003922 0.0007896 0.0007896 0.0001483 0.0001549 38 33 
0.0004116 0.0004373 0.0005434 0.0005434 0.0001422 0.0001366 30 29 
0.0004253 0.0004004 0.0006437 0.0006437 0.0001559 0.0001427 32 29 
0.0003805 0.0004002 0.0005122 0.0005122 0.0001371 0.0001377 31 31 
0.0007698 0.000415 0.0005145 0.0005145 0.0001411 0.0001371 30 34 
0.0007153 0.000416 0.000537 0.000537 0.0001365 0.0001455 35 31 
0.0003517 0.0004548 0.0005778 0.0005778 0.0001398 0.0001269 28 33 
16384 elements ------ ------ ----- ------ ------- ------- 
0.00081 0.0004376 0.0006292 0.0006292 0.0001474 0.0002706 35 40 
0.0003881 0.0003689 0.0005451 0.0005451 0.0001441 0.0001296 37 33 
0.0005894 0.0004308 0.0009311 0.0009311 0.0001617 0.000181 35 36 
0.0005419 0.0006222 0.0009026 0.0009026 0.0001864 0.0001853 36 36 
0.0006263 0.0004311 0.0009407 0.0009407 0.0002021 0.000186 33 32 
